0::: 5 8 10 22 39 41 42 43 46 
1::: 35 38 40 
2::: 2 25 30 45 
3::: 6 15 33 
4::: 20 21 44 
5::: 6 15 33 
6::: 6 15 33 
7::: 6 15 33 
8::: 4 9 12 29 
9::: 0 5 8 10 13 17 22 39 41 42 43 46 48 49 
10::: 6 15 33 
11::: 0 1 2 3 4 5 7 8 9 10 11 12 13 14 16 17 18 19 20 21 22 23 24 25 26 27 28 29 30 31 32 34 35 36 37 38 39 40 41 42 43 44 45 46 47 48 49 
12::: 0 1 2 3 4 5 7 8 9 10 11 12 13 14 16 17 18 19 20 21 22 23 24 25 26 27 28 29 30 31 32 34 35 36 37 38 39 40 41 42 43 44 45 46 47 48 49 
13::: 1 11 14 16 19 23 26 28 31 34 35 36 37 38 40 
14::: 1 11 16 23 28 34 
15::: 1 11 16 28 34 
16::: 0 13 17 48 49 
17::: 0 5 8 10 13 17 22 39 41 42 43 46 48 49 
18::: 1 11 16 23 28 34 
19::: 23 26 37 
20::: 6 15 33 
21::: 3 18 20 21 25 30 44 45 
22::: 25 30 45 
23::: 6 15 33 
24::: 7 24 27 32 38 40 48 49 
25::: 5 6 8 10 15 22 33 39 41 42 43 
26::: 5 6 8 10 15 22 33 39 41 42 43 
27::: 5 6 8 10 15 22 33 39 41 42 43 
28::: 7 24 27 32 38 40 48 49 
29::: 1 4 9 11 12 14 16 19 23 26 28 29 31 34 36 37 46 47 
30::: 25 30 45 
31::: 5 6 7 8 10 15 22 24 27 32 33 38 39 40 41 42 43 48 49 
32::: 0 1 2 3 7 8 9 11 12 13 14 16 17 18 19 20 21 23 24 25 26 28 29 30 31 34 36 37 44 45 46 47 
33::: 25 30 45 
34::: 4 5 6 10 15 22 27 32 33 35 38 39 40 41 42 43 48 49 
35::: 4 5 10 22 39 41 42 43 49 
36::: 4 48 49 
37::: 0 2 5 9 10 12 13 17 22 29 39 41 42 43 
38::: 0 2 5 7 8 9 10 12 13 14 17 19 20 21 22 23 24 25 26 29 30 31 35 36 37 39 41 42 43 44 45 46 47 
39::: 0 2 13 17 
40::: 8 9 12 14 29 
41::: 1 2 3 4 5 6 10 11 15 16 18 22 28 33 34 35 38 39 40 41 42 43 49 
42::: 27 32 48 
43::: 0 7 8 9 12 13 14 17 19 20 21 23 24 25 26 27 29 30 31 32 36 37 44 45 46 47 48 
44::: 6 15 33 
45::: 4 9 14 20 21 25 30 44 45 49 
46::: 8 12 29 
47::: 1 2 5 6 8 10 11 15 16 22 28 33 34 38 39 40 41 42 43 
48::: 1 3 6 11 15 16 18 28 33 34 35 38 40 
49::: 1 3 6 11 15 16 18 28 33 34 35 38 40 
50::: 1 3 6 11 15 16 18 28 33 34 35 38 40 
51::: 0 2 4 5 7 8 9 10 12 13 14 17 19 20 21 22 23 24 25 26 27 29 30 31 32 36 37 39 41 42 43 44 45 46 47 48 49 
52::: 4 9 14 20 21 25 30 44 45 49 
53::: 0 13 17 27 32 
54::: 0 2 5 7 10 13 17 19 22 23 24 26 27 31 32 36 37 39 41 42 43 46 47 48 
55::: 25 30 45 
56::: 25 30 45 
57::: 1 3 4 8 9 11 12 14 16 18 20 21 25 28 29 30 34 35 38 40 44 45 49 
58::: 2 5 6 7 10 15 19 22 23 24 26 27 31 32 33 36 37 39 41 42 43 46 47 48 
59::: 7 19 23 24 26 37 46 
60::: 2 5 6 7 10 15 19 22 23 24 26 27 31 32 33 36 37 39 41 42 43 46 47 48 
61::: 4 9 14 38 40 49 
62::: 2 5 10 22 39 41 42 43 
63::: 0 13 17 20 21 25 30 44 45 
64::: 7 19 23 24 26 37 46 
65::: 8 12 29 
66::: 0 13 17 20 21 25 30 44 45 
67::: 0 2 5 6 10 13 15 17 19 20 21 22 25 27 30 32 33 39 41 42 43 44 45 
68::: 1 3 11 16 18 28 34 35 
69::: 2 5 10 22 39 41 42 43 
70::: 5 10 22 41 42 43 
71::: 2 8 12 29 39 
72::: 0 13 17 20 21 25 30 44 45 
73::: 5 10 22 41 42 43 
74::: 2 12 29 39 
75::: 19 20 21 25 30 44 45 
76::: 1 3 7 11 16 18 23 24 26 28 34 35 36 37 46 
77::: 0 2 4 5 6 8 9 10 12 13 14 15 17 22 27 29 31 32 33 38 39 40 41 42 43 47 48 49 
78::: 20 21 25 30 44 45 
79::: 1 3 7 11 16 18 23 24 26 28 34 35 36 37 46 
80::: 0 4 9 13 14 17 36 38 40 
81::: 2 8 12 29 31 39 47 48 49 
82::: 1 3 7 11 16 18 20 21 23 24 26 28 34 35 37 44 46 
83::: 0 4 13 17 
84::: 0 4 9 13 14 17 36 
85::: 1 3 7 11 16 18 20 21 23 24 26 28 34 35 37 44 46 
86::: 6 15 27 32 33 
87::: 0 4 13 17 36 
88::: 0 1 2 3 4 5 6 8 9 10 11 12 13 14 15 16 17 18 19 22 25 27 28 29 30 31 32 33 34 35 36 38 39 40 41 42 43 45 47 48 49 
89::: 1 3 11 16 18 28 34 35 
90::: 20 21 23 26 37 44 46 
91::: 20 21 23 26 37 44 46 
92::: 1 3 11 16 18 28 34 35 
93::: 0 1 2 3 4 5 6 7 8 9 10 11 12 13 14 15 16 17 18 19 22 24 25 27 28 29 30 31 32 33 34 35 36 38 39 40 41 42 43 45 47 48 49 
94::: 20 21 23 26 37 44 46 
95::: 2 8 12 29 39 
96::: 0 1 2 3 4 5 6 7 8 9 10 11 12 13 14 15 16 17 18 19 22 24 25 27 28 29 30 31 32 33 34 35 36 38 39 40 41 42 43 45 47 48 49 
97::: 20 21 23 26 37 44 46 
98::: 0 13 17 
99::: 0 1 3 4 5 6 7 9 10 11 13 14 15 16 17 18 19 24 27 28 31 32 33 34 35 36 42 45 47 48 49 
