0::: 5 8 10 22 39 41 42 43 46 
1::: 35 38 40 
2::: 2 25 30 45 
3::: 6 15 33 
4::: 20 21 44 
5::: 47 
6::: 6 15 33 
7::: 6 15 33 
8::: 6 15 33 
9::: 4 9 12 29 
10::: 0 5 8 10 13 17 22 39 41 42 43 46 48 49 
11::: 6 15 33 
12::: 4 
13::: 0 1 2 3 4 5 7 8 9 10 11 12 13 14 16 17 18 19 20 21 22 23 24 25 26 27 28 29 30 31 32 34 35 36 37 38 39 40 41 42 43 44 45 46 47 48 49 
14::: 0 1 2 3 4 5 7 8 9 10 11 12 13 14 16 17 18 19 20 21 22 23 24 25 26 27 28 29 30 31 32 34 35 36 37 38 39 40 41 42 43 44 45 46 47 48 49 
15::: 31 
16::: 31 36 
17::: 1 11 16 28 34 
18::: 31 
19::: 38 40 
20::: 0 13 17 48 49 
21::: 27 32 
22::: 0 5 8 10 13 17 22 39 41 42 43 46 48 49 
23::: 14 19 
24::: 1 11 16 23 28 34 
25::: 36 
26::: 3 18 
27::: 14 19 
28::: 6 15 33 
29::: 2 
30::: 3 18 20 21 25 30 44 45 
31::: 48 49 
32::: 6 15 33 
33::: 7 24 27 32 38 40 48 49 
34::: 5 6 8 10 15 22 33 39 41 42 43 
35::: 36 
36::: 36 
37::: 5 6 8 10 15 22 33 39 41 42 43 
38::: 42 
39::: 0 1 2 3 7 8 9 11 12 13 14 16 17 18 19 20 21 23 24 25 26 28 29 30 31 34 36 37 44 45 46 47 
40::: 25 30 45 
41::: 8 
42::: 0 2 5 9 10 12 13 17 22 29 39 41 42 43 
43::: 9 
44::: 3 18 
45::: 35 
46::: 0 2 13 17 
47::: 27 
48::: 3 18 
49::: 27 32 48 
50::: 0 7 8 9 12 13 14 17 19 20 21 23 24 25 26 27 29 30 31 32 36 37 44 45 46 47 48 
51::: 23 
52::: 47 
53::: 6 15 33 
54::: 4 49 
55::: 36 
56::: 38 40 
57::: 4 9 14 20 21 25 30 44 45 49 
58::: 35 
59::: 9 
60::: 3 18 
61::: 35 
62::: 49 
63::: 8 
64::: 35 
65::: 35 
66::: 36 
67::: 10 
68::: 14 
69::: 27 32 
70::: 1 3 6 11 15 16 18 28 33 34 35 38 40 
71::: 1 3 6 11 15 16 18 28 33 34 35 38 40 
72::: 0 2 4 5 7 8 9 10 12 13 14 17 19 20 21 22 23 24 25 26 27 29 30 31 32 36 37 39 41 42 43 44 45 46 47 48 49 
73::: 4 9 14 20 21 25 30 44 45 49 
74::: 0 13 17 27 32 
75::: 0 2 5 7 10 13 17 19 22 23 24 26 27 31 32 36 37 39 41 42 43 46 47 48 
76::: 25 30 45 
77::: 25 30 45 
78::: 1 3 4 8 9 11 12 14 16 18 20 21 25 28 29 30 34 35 38 40 44 45 49 
79::: 2 5 6 7 10 15 19 22 23 24 26 27 31 32 33 36 37 39 41 42 43 46 47 48 
80::: 12 29 
81::: 7 19 23 24 26 37 46 
82::: 2 5 6 7 10 15 19 22 23 24 26 27 31 32 33 36 37 39 41 42 43 46 47 48 
83::: 12 29 
84::: 0 1 2 3 4 5 6 7 8 9 10 11 13 14 15 16 17 18 19 20 21 22 23 24 25 26 27 28 30 31 32 33 34 35 36 37 38 39 40 41 42 43 44 45 46 47 48 49 
85::: 4 9 14 38 40 49 
86::: 2 5 10 22 39 41 42 43 
87::: 0 1 2 3 4 5 6 7 8 9 10 11 13 14 15 16 17 18 19 20 21 22 23 24 25 26 27 28 30 31 32 33 34 35 36 37 38 39 40 41 42 43 44 45 46 47 48 49 
88::: 0 13 17 20 21 25 30 44 45 
89::: 0 1 2 3 4 5 6 7 8 9 10 11 13 14 15 16 17 18 19 20 21 22 23 24 25 26 27 28 30 31 32 33 34 35 36 37 38 39 40 41 42 43 44 45 46 47 48 49 
90::: 23 46 
91::: 3 18 
92::: 7 19 23 24 26 37 46 
93::: 8 12 29 
94::: 45 
95::: 0 13 17 20 21 25 30 44 45 
96::: 0 2 5 6 10 13 15 17 19 20 21 22 25 27 30 32 33 39 41 42 43 44 45 
97::: 1 3 11 16 18 28 34 35 
98::: 2 5 10 22 39 41 42 43 
99::: 28 
