norm --files /Users/amatur/code/hpgg/chr2_ceu_unphased.ihs.out --ihs --bp-win --qbins 100 --crit-val 10 --fine-perc 


Total loci: 492278
bin	num	mean	variance
0.01	0	nan	nan
0.02	0	nan	nan
0.03	0	nan	nan
0.04	0	nan	nan
0.05	0	nan	nan
0.06	24113	0.394934	0.0918149
0.07	20342	0.402462	0.105944
0.08	18209	0.382892	0.0955019
0.09	17889	0.368969	0.111924
0.1	16188	0.373606	0.162197
0.11	13743	0.405794	0.156251
0.12	12278	0.434839	0.195546
0.13	12819	0.517519	0.24425
0.14	11299	0.507073	0.232786
0.15	10605	0.551151	0.217649
0.16	10419	0.595304	0.235929
0.17	10080	0.652944	0.229778
0.18	9352	0.65482	0.250669
0.19	9221	0.620925	0.245838
0.2	8875	0.63814	0.246333
0.21	8466	0.67725	0.222291
0.22	8173	0.696073	0.209288
0.23	7784	0.643029	0.22053
0.24	7479	0.639923	0.218698
0.25	7167	0.595893	0.235046
0.26	6506	0.593322	0.228569
0.27	6600	0.599827	0.223667
0.28	6236	0.558263	0.235816
0.29	6224	0.583411	0.232659
0.3	5654	0.532397	0.247208
0.31	5873	0.538595	0.230779
0.32	5748	0.558721	0.229924
0.33	5634	0.539682	0.244516
0.34	5072	0.504325	0.230581
0.35	5532	0.458662	0.249594
0.36	5359	0.402126	0.27292
0.37	5378	0.442308	0.263332
0.38	5168	0.453152	0.26208
0.39	4620	0.353487	0.277722
0.4	4370	0.304815	0.309726
0.41	4770	0.324866	0.281734
0.42	4920	0.239002	0.312944
0.43	4796	0.196506	0.309039
0.44	4402	0.210257	0.326547
0.45	4452	0.189425	0.320124
0.46	4009	0.169082	0.337421
0.47	3473	0.153886	0.320934
0.48	4062	0.173268	0.318247
0.49	3574	0.119698	0.329693
0.5	1586	0.138206	0.34247
0.51	3680	0.0898559	0.322416
0.52	3554	0.00180737	0.347886
0.53	3691	0.0478054	0.311739
0.54	3696	0.018343	0.362002
0.55	3316	0.0204528	0.339175
0.56	3257	-0.0192938	0.323918
0.57	3722	-0.0469882	0.339044
0.58	3417	-0.142351	0.339072
0.59	3829	-0.0710201	0.314343
0.6	3263	-0.121172	0.331756
0.61	3281	-0.179675	0.33576
0.62	3508	-0.234614	0.313066
0.63	3172	-0.230619	0.347034
0.64	3010	-0.248425	0.35405
0.65	2729	-0.303261	0.329695
0.66	3235	-0.218575	0.317872
0.67	3188	-0.384872	0.282668
0.68	2980	-0.344762	0.311101
0.69	2862	-0.377517	0.29931
0.7	2724	-0.393697	0.289351
0.71	2637	-0.383349	0.313064
0.72	2490	-0.447603	0.290684
0.73	2834	-0.358708	0.327449
0.74	2487	-0.517194	0.297087
0.75	2736	-0.468839	0.312126
0.76	2750	-0.574731	0.268197
0.77	2518	-0.511002	0.273173
0.78	2824	-0.493559	0.268046
0.79	2533	-0.487752	0.301238
0.8	2180	-0.514226	0.289039
0.81	2258	-0.562509	0.249463
0.82	2426	-0.618773	0.240092
0.83	1949	-0.560862	0.287162
0.84	2286	-0.515337	0.295332
0.85	2012	-0.531101	0.310322
0.86	2241	-0.452615	0.255158
0.87	2474	-0.452007	0.255989
0.88	1858	-0.405608	0.196815
0.89	2221	-0.381126	0.210999
0.9	1951	-0.321183	0.155831
0.91	2408	-0.318471	0.111301
0.92	2152	-0.309199	0.119342
0.93	1835	-0.316091	0.106996
0.94	1777	-0.371403	0.108947
0.95	1808	-0.311838	0.0668261
0.96	0	nan	nan
0.97	0	nan	nan
0.98	0	nan	nan
0.99	0	nan	nan
1	0	nan	nan
2399 nonzero windows.

nSNPs 1.0 5.0
25 0 0
43.96 0 0
54 0 0
63 0 0
73 0 0
80.88 0 0
84 0 0
90.84 0 0
96 0 0
101 0 0
104 0 0
106.76 0 0
111 0 0
113.72 0 0
117 0 0
121 0 0
124 0 0
127 0 0
129 0 0
132 0 0
134 0 0
136 0 0
139 0 0
141 0 0
143.5 0 0
146 0 0
148 0 0
149 0 0
151 0 0
154 0 0
157 0 0
159 0 0
161 0 0
164 0 0
166 0 0
168 0 0
171 0 0
173 0 0
175 0 0
177.2 0 0
179 0 0
181 0 0
184 0 0
185 0 0
187 0 0
190 0 0
193 0 0
195 0 0
197 0 0
199 0 0
201 0 0
203 0 0
206 0 0
208 0 0
210 0 0
212 0 0
214 0 0
216 0 0
218 0 0
221 0 0
223 0 0
226 0 0
228.74 0 0
232 0 0
235 0 0
238 0 0
239.66 0 0
242.64 0 0
244 0 0
247 0 0
249 0 0
252 0 0
255 0 0
257.52 0 0
260 0 0
263 0 0
266 0 0
269 0 0
272 0 0
275.4 0 0
280 0 0
283.36 0 0
288 0 0
291 0 0
295 0 0
298.28 0 0
304 0 0
308 0 0
313 0 0
318.2 0 0
323 0 0
329 0 0
336 0 0
343.24 0 0
353 0 0
366.08 0 0
379 0 0
408.04 0 0
444.02 0 0
600 0 0

Creating window file /Users/amatur/code/hpgg/chr2_ceu_unphased.ihs.out.100bins.norm.100kb.windows
